1715832001,10.8,52292,165
1715835601,87,67371,204
1715839201,31.2,78161,51
1715842801,1.8,43670,44
1715846402,0,43700,4
1715850002,0,49622,5
1715853601,0,43720,4
1715857201,82.2,77149,98
1715860801,81,69858,173
1715868001,28.8,100119,29
1715871602,7.2,45383,7
1715875202,18.6,101415,14
1715878802,6,93710,8
1715882402,130.8,58055,448
1715886001,20.4,63818,128
1715889601,34.2,58244,106
1715893201,16.2,129059,14
1715896801,0,44454,5
1715900402,7.8,76872,12
1715904002,3.6,100389,7
1715907601,21.6,127885,19
1715911201,49.2,84265,65
1715914801,32.4,118405,27
1715918401,18.6,64340,48
1715922001,15.6,56210,42
1715925601,0,23204,58
1715929201,17.4,66075,55
1715932801,12.6,116220,11
1715936401,17.4,103374,14
1715940001,6.6,100407,7
1715943601,25.8,126921,19
1715950801,90.6,55853,581
1715954401,6,87744,9
1715958002,12,116253,11
1715961601,16.8,135324,13
1715965201,6,100427,7
1715968801,0,43720,4
1715972401,21,101739,14
1715976001,0,43720,4
1715979601,6,100446,7
1715983201,4.2,100446,7
1715986801,19.2,131324,18
1715990402,25.2,59955,120
1715994001,18,95919,30
1715997601,24,97929,38
1716001201,130.8,56902,325
1716004801,29.4,86540,68
1716008401,16.8,114599,24
1716012001,12.6,116432,23
1716015601,64.2,69804,107
1716019202,18,77598,28
1716022802,12,78997,27
1716030002,13.8,94442,25
1716033601,313.8,58605,240
1716037201,129,59166,261
1716040801,16.2,104265,29
1716044401,7.2,100149,15
1716048001,13.8,98887,24
1716051601,10.8,89971,19
1716055201,15.6,92520,28
1716058801,11.4,127226,20
1716062401,10.8,94658,26
1716066001,3,95898,8
1716069601,174.6,73359,99
1716073202,29.4,93769,62
1716076801,13.2,87299,30
1716080402,73.2,66800,200
1716084001,208.8,54899,369
1716087601,51.6,65335,211
1716091201,45,66117,72
1716094801,3,90510,9
1716098401,0,43656,6
1716102002,11.4,57774,62
1716105601,7.8,97949,16
1716109202,3,88789,10
1716112801,3,90519,9
1716116401,31.2,88959,68
1716120002,28.2,70401,56
1716123602,16.8,118851,28
1716127201,13.8,114665,24
1716134401,32.4,97147,58
1716138001,0,43720,4
1716141601,3.6,90533,9
1716145202,15.6,124338,26
1716148801,3.6,90519,9
1716152402,9,117617,17
1716156001,3,95908,8
1716159601,3.6,84304,10
1716163202,13.2,75783,28
1716166801,19.2,123042,32
1716170402,9,94973,17
1716174002,192.6,55226,355
1716177601,538.8,49367,760
1716181201,457.8,51252,482
1716184802,292.8,50765,509
1716188401,105,50309,170
1716192001,8.4,101360,15
1716195601,7.2,101895,15
1716199202,21.6,84599,35
1716202801,0,40640,5
1716210001,3.6,95922,8
1716213602,33.6,74407,70
1716217202,244.8,54130,350
1716220801,693,54152,330
1716224402,420.6,53820,362
1716228001,1049.4,52490,584
1716231601,508.2,51166,646
1716235201,442.8,55600,312
1716238801,0,43720,4
1716242401,3,90539,9
1716246001,5.4,79649,12
1716249601,19.8,99244,39
1716253201,7.2,108299,13
1716256801,7.2,105167,14
1716260401,18.6,109381,33
1716264001,12,64892,52
1716267601,3.6,90540,9
1716271201,0,43656,6
1716274802,9,59299,54
1716278401,0,43720,4
1716282002,8.4,96524,17
1716285602,0,43720,4
1716289201,3.6,84344,10
1716292801,8.4,108314,13
1716325201,3,95970,8
1716328801,6,103984,14
1716332401,0,40640,5
1716336001,7.2,68932,19
1716339601,2.4,95970,8
1716343201,6.6,108337,13
1716346802,19.2,111822,32
1716350402,12,57609,48
1716354002,3.6,90583,9
1716357601,9.6,109917,19
1716361202,6.6,52644,49
1716364802,4.2,90622,9
1716368402,7.2,105832,14
1716372001,0,43720,4
1716375602,6,77198,13
1716379201,7.2,108340,13
1716382801,9.6,122124,16
1716390002,7.8,104008,14
1716393601,4.2,98938,8
1716397201,10.8,113845,18
1716400801,0,43720,4
1716404401,6,93096,17
1716408001,0,43720,4
1716411601,4.2,84432,11
1716415201,3,96074,8
1716418801,0,40640,5
1716422402,3.6,90697,9
1716426001,3,96090,8
1716429601,3.6,84425,11
1716433201,7.8,96048,16
1716436802,13.2,63524,55
1716440401,5.4,86009,11
1716444001,11.4,104969,21
1716447601,1.8,43675,44
1716451201,9.6,122340,16
1716454801,4.8,82084,12
1716458402,4.8,88168,10
1716462002,0,40640,5
1716465601,0,43720,4
1716469201,3,90736,9
1716472802,3,90738,9
1716480002,12.6,124928,21
1716483601,0,44454,5
1716487201,0,43720,4
1716490801,16.8,97554,25
1716494401,7.2,108559,13
1716498001,3,96154,8
1716501602,6.6,105438,14
1716505201,3.6,81172,11
1716508801,3,86405,10
1716512401,13.8,114111,18
1716516001,7.2,108556,13
1716519601,12,115415,18
1716523201,6,48706,41
1716526801,7.8,109884,13
1716530401,9,110162,19
1716534002,1.8,43675,44
1716537601,0,43720,4
1716541201,9.6,88574,20
1716544801,4.2,90780,9
1716548402,4.2,86270,10
1716552001,7.2,104250,14
1716555602,9.6,122435,16
1716562802,3.6,90793,9
1716566401,6,115707,12
1716570001,0,44454,5
1716573601,3,90807,9
1716577201,9,118070,17
1716580801,0,43720,4
1716584401,0,43720,4
1716588001,6,104282,14
1716591602,0,40640,5
1716595202,0,43720,4
1716598801,12.6,76618,28
1716602401,0,43720,4
1716606002,7.8,101641,15
1716609601,12,65361,49
1716613201,4.2,92743,9
1716616801,0,43656,6
1716620401,1.8,43675,44
1716624002,0,43720,4
1716627601,6.6,106125,14
1716631201,0,43720,4
1716638401,0,43720,4
1716642001,8.4,70231,21
1716645602,3.6,88267,10
1716649201,0,43720,4
1716652801,4.8,93499,9
1716656402,4.2,90852,9
1716660001,7.2,113761,12
1716663601,3,90850,9
1716667201,4.8,90852,9
1716670801,0,43720,4
1716674401,4.8,84543,11
1716678001,0,40640,5
1716681602,6.6,108677,13
1716685202,7.8,108674,13
1716688801,7.2,65347,23
1716692402,4.2,90850,9
1716696001,7.2,49059,45
1716699601,13.2,106322,21
1716703202,12,81817,24
1716706801,4.8,52338,49
1716710401,0,43720,4
1716714002,0,49622,5
1716717601,0,43720,4
1716724801,0,43720,4
1716728401,0,43720,4
1716732002,4.2,92764,9
1716735602,19.2,95988,26
1716739201,13.2,74068,32
1716742802,6.6,108660,13
1716746401,3,96238,8
1716750002,6.6,108678,13
1716753602,10.2,118092,17
1716757201,6.6,101644,15
1716760801,4.2,90841,9
1716764402,6.6,107172,13
1716768001,4.8,84537,11
1716771601,7.2,108667,13
1716775202,4.2,88227,10
1716778801,12,119523,17
1716782401,9,57605,45
1716786001,6,105551,14
1716789601,0,43656,6
1716793201,4.2,52331,49
1716796801,0,43720,4
1716804001,10.2,78241,13
1716807601,0,40640,5
1716811201,0,43720,4
1716814802,15,92674,27
1716818401,0,43720,4
1716822001,3.6,93456,9
1716825602,6.6,104309,14
1716829201,7.8,94323,17
1716832802,0,43720,4
1716836401,9.6,107521,20
1716840001,3.6,86510,10
1716843602,10.2,115100,18
1716847201,3,90828,9
1716850802,6.6,97055,16
1716854401,0,43720,4
1716858001,3,90823,9
1716861601,4.2,90823,9
1716865201,8.4,99740,16
1716868801,38.4,56325,95
1716872401,37.2,58649,43
1716876001,0,43656,6
1716879601,4.8,52327,49
1716883201,4.2,90807,9
1716890401,0,43720,4
1716894001,4.2,84563,10
1716897601,0,43720,4
1716901201,0,43720,4
1716904802,0,43720,4
1716908401,0,43720,4
1716912002,11.4,125005,21
1716915602,0,43720,4
1716919202,0,43720,4
1716922801,6,108617,13
1716926401,2.4,96236,8
1716930001,3.6,90809,9
1716933602,0,43720,4
1716937201,0,40640,5
1716940802,6,104265,14
1716944401,7.2,108615,13
1716948002,6,81443,12
1716951601,3,96202,8
1716955201,4.2,84381,11
1716958801,1.2,36706,33
1716962402,0,43656,6
1716966001,1.8,43676,44
1716969602,12.6,115135,18
1716973201,3.6,85302,11
1716976802,0,43720,4
1716980401,0,40640,5
1716984002,0,43720,4
1716991201,3,90837,9
1716994802,0,43720,4
1716998401,10.2,119482,17
1717002001,4.2,86528,10
1717005601,0,43720,4
1717009201,6,108655,13
1717012801,0,43720,4
1717016401,4.2,92756,9
1717020001,0,43720,4
1717023601,3.6,79848,12
1717027201,5.4,113741,12
1717030801,4.2,90836,9
1717034401,11.4,105496,21
1717038001,13.2,100667,24
1717041601,3.6,82237,11
1717045202,4.8,49366,38
1717048801,4.2,76937,13
1717052401,4.2,52435,48
1717056001,0,43720,4
1717059602,0,49622,5
1717063201,0,43720,4
1717066801,9,98175,16
1717070402,7.2,86550,10
1717074001,0,43720,4
1717081201,0,43720,4
1717084802,6.6,110529,13
1717088401,7.8,92708,18
1717092001,0,43720,4
1717095602,8.4,118157,17
1717099201,3.6,90878,9
1717102802,0,43720,4
1717106401,0.6,43634,8
1717110001,0,40640,5
1717113601,3,92795,9
1717117202,9,114247,18
1717120801,3.6,86560,10
1717124402,6,113804,12
1717128001,4.2,84447,11
1717131601,4.8,49484,38
1717135202,3,82269,11
1717138802,1.8,43676,44
1717142402,0,43720,4
1717146001,0.6,49622,5
1717149601,0,43720,4
1717153201,4.8,84622,10
1717156801,4.2,92791,9
1717164001,0,43720,4
1717167601,4.2,90923,9
1717171201,6.6,106170,14
1717174801,6.6,101811,15
1717178402,3,96378,8
1717182001,4.2,90964,9
1717185602,0,43720,4
1717189201,0,43720,4
1717192801,0,43720,4
1717196402,0,40640,5
1717200001,0,43720,4
1717203601,3,92876,9
1717207201,0,43720,4
1717210802,12,104102,22
1717214402,3.6,82371,11
1717218001,9,57795,47
1717221601,0,43656,6
1717225201,1.8,43675,44
1717228801,0,43720,4
1717232402,5.4,77361,14
1717236001,0,44454,5
1717239601,0,40640,5
1717243202,0,43720,4
1717250402,4.8,92868,9
1717254002,0,43720,4
1717257602,10.2,95821,17
1717261202,0,43720,4
1717264801,10.8,107694,20
1717268401,6.6,108833,13
1717272001,0,43720,4
1717275601,0,43720,4
1717279202,0,43720,4
1717282801,0,40640,5
1717286401,0,43720,4
1717290001,8.4,104474,14
1717293601,6,71808,19
1717297201,3,90949,9
1717300801,0,43656,6
1717304401,7.2,89051,10
1717308001,0.6,36741,35
1717311601,1.8,43675,44
1717315201,4.2,90994,9
1717322401,0,43720,4
1717326002,0,40640,5
1717329601,4.8,90994,9
1717333201,0,43720,4
1717336802,0,43720,4
1717340402,0,43720,4
1717344002,8.4,110736,13
1717347601,4.2,91006,9
1717351201,3.6,96428,8
1717354801,10.2,118361,17
1717358401,4.8,86675,10
1717362001,0,43720,4
1717365601,0,43720,4
1717369202,0,40640,5
1717372801,8.4,97422,16
1717376401,6,108894,13
1717380002,3,96394,8
1717383601,6,110667,13
1717387201,0,43656,6
1717390802,3.6,88371,10
1717394402,1.2,37325,35
1717398002,1.8,43676,44
1717401602,3.6,90983,9
1717405201,8.4,91758,19
1717408801,4.2,80161,12
1717412401,3.6,81356,11
1717416002,3.6,88346,10
1717419601,0,43720,4
1717426801,7.8,106163,14
1717430401,7.8,108853,13
1717434001,10.8,95523,17
1717437602,0.6,44454,5
1717441201,3,91006,9
1717444801,6.6,108894,13
1717448401,0,43720,4
1717452001,0,43720,4
1717455601,0,40640,5
1717459202,4.2,81560,12
1717462801,3,96426,8
1717466401,54.6,58205,79
1717470001,9.6,104533,14
1717473601,0,43656,6
1717477201,7.2,106205,14
1717480802,0.6,36975,35
1717484402,4.8,52720,49
1717488002,3,96442,8
1717495202,0,43720,4
1717498801,4.8,84752,10
1717502401,0,43720,4
1717506001,4.2,91022,9
1717509601,0,43720,4
1717513201,7.2,102359,15
1717516802,3,91052,9
1717520401,0,43720,4
1717524001,0,43720,4
1717527602,6,110255,13
1717531201,0,43720,4
1717534801,0,43720,4
1717538402,0,43720,4
1717542001,0,40640,5
1717545601,3,91038,9
1717549201,3,96458,8
1717552802,0,43720,4
1717556401,6.6,108932,13
1717560001,0,43656,6
1717563601,16.2,96842,26
1717567201,4.2,48763,40
1717570801,10.2,65939,58
1717574401,6,114033,12
1717578001,9.6,89624,20
1717581602,6,114040,12
1717585201,6.6,107446,13
1717588801,17.4,117141,29
1717596002,9.6,122854,16
1717599601,4.2,88411,10
1717603201,7.2,103487,15
1717606801,6.6,104590,14
1717610401,6.6,105807,14
1717614002,4.2,91029,9
1717617601,0,43720,4
1717621201,12.6,129093,20
1717624801,6,109025,13
1717628401,9,113505,18
1717632001,3,96540,8
1717635601,10.8,111994,19
1717639201,0,43720,4
1717642801,15,70652,37
1717646402,4.2,80229,13
1717650001,9.6,119575,17
1717653601,3.6,48841,39
1717657201,4.8,52491,48
1717660801,0,43720,4
1717664401,0.6,47831,7
1717671601,31.2,70818,63
1717675201,12.6,98615,25
1717678801,8.4,98142,16
1717682402,23.4,69421,44
1717686001,44.4,79771,57
1717689601,8.4,104691,14
1717693202,25.2,80786,41
1717696801,2.4,96580,8
1717700401,7.8,104682,14
1717704001,4.8,80321,12
1717707602,9,123017,16
1717711201,0,43720,4
1717714801,21.6,94314,36
1717718402,9,123022,16
1717722002,18.6,128487,25
1717725601,4.2,91177,9
1717729201,7.2,83669,12
1717732801,10.8,114210,18
1717736401,0,43720,4
1717740001,1.2,37343,35
1717743601,10.2,59693,56
1717747201,0,43720,4
1717750801,0,49622,5
1717754401,4.2,91150,9
1717758001,10.8,95516,17
1717761601,3,96636,8
1717768801,0,44454,5
1717772401,8.4,106441,14
1717776001,13.2,90636,19
1717779602,18,105938,28
1717783201,0,43720,4
1717786802,10.2,118657,17
1717790401,6,114275,12
1717794001,3,96636,8
1717797601,7.2,114275,12
1717801201,0,40640,5
1717804801,52.8,68163,84
1717808401,12.6,104888,22
1717812001,5.4,91239,9
1717815602,7.8,106509,14
1717819202,0,43656,6
1717822801,8.4,98737,16
1717826401,14.4,57257,51
1717830001,4.2,52509,48
1717833601,3.6,96700,8
1717840801,5.4,114396,12
1717844401,3,89116,9
1717848002,10.8,119768,17
1717851601,4.2,91225,9
1717855201,0,43720,4
1717858802,0,43720,4
1717862401,3.6,99700,8
1717866002,8.4,102173,15
1717869601,0,44454,5
1717873201,11.4,114840,18
1717876801,0,44454,5
1717880401,4.2,83347,11
1717884001,0,43720,4
1717887602,0,40640,5
1717891201,0,43720,4
1717894801,13.8,84570,24
1717898401,5.4,84877,11
1717902001,10.2,89250,10
1717905601,18.6,60501,34
1717909201,0,43720,4
1717912802,7.8,57936,46
1717916401,5.4,52408,49
1717920002,4.2,91273,9
1717923601,0.6,49622,5
1717927201,9,84913,11
1717930801,0,40640,5
1717934401,4.8,91264,9
1717941602,0,43720,4
1717945201,0,43720,4
1717948801,6,91008,10
1717952401,8.4,109257,13
1717956001,0,43720,4
1717959601,4.2,91237,9
1717963201,3.6,91264,9
1717966802,0,43720,4
1717970401,10.2,101063,15
1717974001,4.8,84982,10
1717977601,0,43720,4
1717981201,3.6,86906,10
1717984801,10.2,93118,18
1717988401,12.6,83453,24
1717992001,3.6,81085,12
1717995602,13.2,107658,21
1717999201,0.6,37327,35
1718002801,5.4,53000,50
1718006402,18.6,119790,17
1718010001,4.2,81072,13
1718013601,21,116323,30
1718017201,7.8,100897,15
1718020801,0,43720,4
1718024401,9,123238,16
1718028001,3.6,96732,8
1718035201,12,116149,18
1718038802,8.4,44922,68
1718042402,0,44454,5
1718046001,10.8,115801,18
1718049601,9,118796,17
1718053202,10.8,93108,18
1718056801,3,96748,8
1718060401,13.2,114306,24
1718064001,4.8,81787,12
1718067601,4.8,86931,10
1718071201,7.8,109296,13
1718074801,12,111125,13
1718078401,11.4,106483,21
1718082002,0,44454,5
1718085602,6,105526,14
1718089201,5.4,46310,77
1718092801,10.8,112199,19
1718096401,0.6,49251,6
1718100001,18,125340,25
1718103602,11.4,65093,21
1718107201,4.8,90414,9
1718114402,0,44454,5
1718118002,12.6,118810,17
1718121602,15,119711,22
1718125202,0,43720,4
1718128801,3.6,97874,8
1718132401,28.2,77279,62
1718136001,22.2,55174,68
1718139602,30.6,65160,73
1718143202,25.8,60080,72
1718146801,25.2,59874,73
1718150401,18,55256,65
1718154002,27.6,64470,77
1718157602,26.4,60015,71
1718161201,25.2,61959,102
1718164801,76.2,58495,232
1718168401,350.4,52599,562
1718172001,0,43656,6
1718175601,6,46493,82
1718179201,1.8,95756,8
1718186401,0,44454,5
1718190002,0,40640,5
1718193601,4.2,108090,13
1718197201,1.8,90398,9
1718200802,0,43720,4
1718204401,7.2,63540,24
1718208001,3.6,108140,13
1718211601,1.8,93019,9
1718215202,0,43720,4
1718218801,3,92267,9
1718222401,0,43720,4
1718226001,52.8,57967,156
1718229602,81.6,49521,240
1718233201,51,55146,177
1718236801,158.4,48770,538
1718240401,51,52456,188
1718244001,120,48795,424
1718247601,221.4,49874,620
1718251201,122.4,50110,299
1718254801,0,43720,4
1718258401,4.8,75461,15
1718262001,3,40585,73
1718265601,4.8,108121,13
1718269201,2.4,93301,9
1718272801,0,43720,4
1718276401,4.2,106646,13
1718280001,16.2,99952,38
1718283601,0,43720,4
1718290801,4.8,108119,13
1718294401,4.8,103821,14
1718298001,0,43720,4
1718301601,12.6,110284,26
1718305201,5.4,103816,14
1718308801,3,95834,8
1718312402,0,43720,4
1718316001,4.8,113219,12
1718319601,2.4,84240,10
1718323201,4.8,103814,14
1718326801,10.8,108727,26
1718330402,9,77953,27
1718334001,5.4,93906,17
1718337601,0,43656,6
1718341201,0,43720,4
1718344801,0,43656,6
1718348401,6.6,46541,79
1718352002,2.4,90469,9
1718355602,3,81872,12
1718359202,3.6,113217,12
1718362801,4.2,102450,14
1718366401,4.8,105062,14
1718373601,6.6,97867,16
1718377201,2.4,95874,8
1718380801,4.2,113269,12
1718384401,4.2,105555,14
1718388001,3.6,113281,12
1718391602,3.6,84163,11
1718395202,0,43720,4
1718398801,2.4,95778,8
1718402401,6,113562,18
1718406002,2.4,93410,8
1718409602,0,44454,5
1718413202,10.2,110018,26
1718416802,0,44454,5
1718420402,3,86155,10
1718424001,6.6,104577,21
1718427601,9.6,104331,29
1718431201,1.8,95794,8
1718434802,4.2,46213,77
1718438401,0,43720,4
1718442002,3,84985,11
1718445601,0,43720,4
1718449201,0,40640,5
1718456401,3,90452,9
1718460001,5.4,108140,13
1718463601,0,43720,4
1718467201,3,86155,10
1718470801,2.4,98750,8
1718474402,0,43720,4
1718478001,3,86118,10
1718481602,0,43720,4
1718485201,0,43720,4
1718488801,0,43720,4
1718492401,0,40640,5
1718496002,0,43720,4
1718499601,0,43720,4
1718503201,12.6,70432,41
1718506801,27.6,78708,78
1718510402,0,43656,6
1718514001,2.4,92999,9
1718517601,0,43656,6
1718521201,5.4,46220,81
1718524802,0,43720,4
1718528402,0,49622,5
1718532001,0,43720,4
1718539202,0,43720,4
1718542802,3,52762,35
1718546401,0,43720,4
